# t (s)	mx ()	my ()	mz ()	B_extx (T)	B_exty (T)	B_extz (T)
0	5.2154064e-08	-3.4839613e-06	-0.01718403	0	0	0
0	0.02470471	-1.8050487e-06	-0.017186448	0.001	0	0
0	0.049428366	-9.2285336e-07	-0.017193723	0.002	0	0
0	0.074040174	-4.7139474e-07	-0.017205626	0.0030000003	0	0
0	0.09856972	-2.476736e-07	-0.017223721	0.004	0	0
0	0.12298796	-1.3364479e-07	-0.017247085	0.0049999994	0	0
0	0.14716434	-7.1449904e-08	-0.017277736	0.0060000005	0	0
0	0.171192	-3.754394e-08	-0.017316073	0.0069999998	0	0
0	0.19494988	-2.5174813e-08	-0.017363288	0.008	0	0
0	0.21841516	-2.2759195e-08	-0.017420838	0.009	0	0
0	0.24162723	-1.9557774e-08	-0.017491104	0.009999999	0	0
0	0.26450735	-1.4493708e-08	-0.017574891	0.011	0	0
0	0.28709924	-1.7229468e-08	-0.017676461	0.012000001	0	0
0	0.30946198	-1.4697434e-08	-0.017798409	0.012999998	0	0
0	0.3317235	-1.603621e-08	-0.017946273	0.0139999995	0	0
0	0.35400414	-1.51922e-08	-0.018127525	0.015	0	0
0	0.37693703	-1.0884833e-08	-0.018358352	0.016	0	0
0	0.40144983	-1.2776582e-08	-0.018670185	0.017000003	0	0
0	0.4331227	-1.2019882e-08	-0.01922329	0.018	0	0
0	0.97029084	-4.001322e-09	7.927302e-14	0.019	0	0
0	0.97078234	-2.0272637e-09	-1.3641559e-23	0.019999998	0	0
0	0.97126806	-3.2905518e-09	1.6173367e-29	0.021	0	0
0	0.97174764	-2.3592293e-09	-2.5378056e-35	0.022	0	0
0	0.97222173	-4.278263e-09	-1.8549688e-37	0.023	0	0
0	0.97269005	-2.2009772e-09	-1.7987246e-37	0.024000002	0	0
0	0.97315323	-1.4988473e-09	-1.795944e-37	0.025000002	0	0
0	0.9736109	-2.750312e-09	-1.7899044e-37	0.025999997	0	0
0	0.97406375	-7.243216e-09	-1.7436638e-37	0.026999999	0	0
0	0.97451115	-4.0745363e-09	-1.7694843e-37	0.027999999	0	0
0	0.97495455	4.4165063e-09	-1.8870026e-37	0.029	0	0
0	0.9753921	-2.4374458e-09	-1.7383859e-37	0.03	0	0
0	0.9758255	-6.7957444e-09	-1.7098917e-37	0.031000001	0	0
0	0.97625446	-4.9185473e-09	-1.7084753e-37	0.032	0	0
0	0.97667897	-4.307367e-09	-1.7035722e-37	0.032999996	0	0
0	0.9770995	-2.9467628e-09	-1.6798239e-37	0.034000006	0	0
0	0.97751564	-5.7771103e-09	-1.6759706e-37	0.035	0	0
0	0.97792804	-5.980837e-09	-1.6501304e-37	0.036	0	0
0	0.978336	-3.1650416e-09	-1.6424924e-37	0.037	0	0
0	0.9787407	-5.7043508e-09	-1.6256336e-37	0.038	0	0
0	0.9791415	-4.2491592e-09	-1.6235733e-37	0.039	0	0
0	0.97953874	-5.4205884e-09	-1.6097478e-37	0.039999995	0	0
0	0.9799326	-4.7366484e-09	-1.6045446e-37	0.041000005	0	0
0	0.98032314	-6.2464096e-09	-1.5860515e-37	0.042	0	0
0	0.9807102	-6.9885573e-09	-1.6014168e-37	0.043000005	0	0
0	0.9810943	-4.631147e-09	-1.5950421e-37	0.044	0	0
0	0.98147535	-3.936293e-09	-1.5820682e-37	0.045	0	0
0	0.9818534	-6.486516e-09	-1.5474199e-37	0.046	0	0
0	0.9822287	-2.5584086e-09	-1.5492052e-37	0.046999995	0	0
0	0.9826013	-6.0663297e-09	-1.53058e-37	0.048000004	0	0
0	0.98297125	-9.102223e-09	-1.5344219e-37	0.049	0	0
0	0.9833388	-7.221388e-09	-1.5210889e-37	0.050000004	0	0
0	0.9837039	-7.690687e-09	-1.5089682e-37	0.051	0	0
0	0.9840665	-7.203198e-09	-1.4630916e-37	0.051999994	0	0
0	0.98442733	-9.764335e-09	-1.4925945e-37	0.053	0	0
0	0.9847863	-9.960786e-09	-1.4500564e-37	0.053999998	0	0
0	0.9851426	-6.7520887e-09	-1.4362612e-37	0.055000003	0	0
0	0.98549736	-9.044015e-09	-1.4120832e-37	0.055999998	0	0
0	0.98585063	-1.38097676e-08	-1.4060181e-37	0.057000004	0	0
0	0.98620236	-1.5548721e-08	-1.4106066e-37	0.058	0	0
0	0.9865529	-1.48429535e-08	-1.4183183e-37	0.059000008	0	0
0	0.98690164	-1.599983e-08	-1.3502525e-37	0.06	0	0
0	0.9872499	-1.8651917e-08	-1.2511536e-37	0.060999997	0	0
0	0.9875969	-2.611705e-08	-1.1236473e-37	0.062000003	0	0
0	0.98794305	-2.8419436e-08	-7.486901e-38	0.063	0	0
0	0.9882892	-3.9286533e-08	1.0849024e-37	0.064	0	0
0	0.9886336	-4.458707e-08	1.0426004e-37	0.065	0	0
0	0.98897845	-4.9665687e-08	-1.0234892e-37	0.06599999	0	0
0	0.98932385	-7.3159754e-08	7.265863e-38	0.067	0	0
0	0.9896686	-1.1180964e-07	-7.21033e-38	0.06800001	0	0
0	0.9900131	-2.2809763e-07	-6.822239e-38	0.069	0	0
0	0.9903417	-9.630821e-07	6.0334155e-38	0.07	0	0
0	0.9904432	-4.737958e-07	6.5725517e-38	0.071	0	0
0	0.99052185	-3.3443212e-07	6.631107e-38	0.072	0	0
0	0.99059975	-2.9339571e-07	6.6370164e-38	0.07300001	0	0
0	0.9906769	-2.3977918e-07	6.430512e-38	0.074	0	0
0	0.99075335	-2.163797e-07	6.3707165e-38	0.074999996	0	0
0	0.9908291	-2.0381412e-07	6.345505e-38	0.076	0	0
0	0.9909042	-1.7949787e-07	6.334794e-38	0.077	0	0
0	0.9909786	-1.5775004e-07	6.463859e-38	0.078	0	0
0	0.9910523	-1.2863893e-07	6.411089e-38	0.079	0	0
0	0.99112546	-1.16626325e-07	6.3760594e-38	0.07999999	0	0
0	0.99119776	-1.0661461e-07	6.3123586e-38	0.081	0	0
0	0.9912695	-9.769428e-08	6.3359794e-38	0.08200001	0	0
0	0.9913405	-9.1662514e-08	6.309799e-38	0.083	0	0
0	0.991411	-8.560164e-08	6.400833e-38	0.084	0	0
0	0.9914808	-7.845665e-08	6.404135e-38	0.08499999	0	0
0	0.99154997	-7.167546e-08	6.4238145e-38	0.08600001	0	0
0	0.9916186	-6.479968e-08	6.493137e-38	0.087000005	0	0
0	0.9916864	-5.9517333e-08	6.426865e-38	0.088	0	0
0	0.9917537	-5.0888048e-08	6.489836e-38	0.088999994	0	0
0	0.9918204	-4.7795766e-08	6.428657e-38	0.09	0	0
0	0.99188656	-4.544563e-08	6.507513e-38	0.091000006	0	0
0	0.99195194	-4.1371095e-08	6.400414e-38	0.092	0	0
0	0.9920169	-3.5695848e-08	6.3707524e-38	0.093	0	0
0	0.9920811	-3.1206582e-08	6.3690075e-38	0.09399999	0	0
0	0.9921448	-2.9365765e-08	6.4640396e-38	0.095	0	0
0	0.992208	-2.9271177e-08	6.256701e-38	0.09600001	0	0
0	0.9922705	-2.427987e-08	6.448752e-38	0.097	0	0
0	0.9923325	-2.4549081e-08	6.423616e-38	0.098	0	0
0	0.99239385	-2.1682354e-08	6.447757e-38	0.09899999	0	0
0	0.9924547	-2.2075255e-08	6.385143e-38	0.10000001	0	0
0	0.9923939	-2.2700988e-08	6.410327e-38	0.09899999	0	0
0	0.99233264	-2.2286258e-08	6.4020215e-38	0.098	0	0
0	0.99227065	-2.089655e-08	6.397412e-38	0.097	0	0
0	0.9922081	-2.18497e-08	6.284895e-38	0.09600001	0	0
0	0.99214494	-2.168963e-08	6.5032485e-38	0.095	0	0
0	0.99208117	-2.222805e-08	6.3707927e-38	0.09399999	0	0
0	0.992017	-2.2220775e-08	6.452273e-38	0.093	0	0
0	0.9919522	-2.5014742e-08	6.2729877e-38	0.092	0	0
0	0.9918866	-2.4265319e-08	6.4721206e-38	0.091000006	0	0
0	0.9918206	-2.5480404e-08	6.4391873e-38	0.09	0	0
0	0.9917539	-2.845627e-08	6.486345e-38	0.088999994	0	0
0	0.9916866	-2.7095666e-08	6.421094e-38	0.088	0	0
0	0.99161875	-2.5946065e-08	6.5060214e-38	0.087000005	0	0
0	0.9915501	-2.8921932e-08	6.4141993e-38	0.08600001	0	0
0	0.99148095	-3.115565e-08	6.421808e-38	0.08499999	0	0
0	0.9914111	-3.1199306e-08	6.44961e-38	0.084	0	0
0	0.9913407	-3.3753167e-08	6.365498e-38	0.083	0	0
0	0.9912697	-3.581954e-08	6.40272e-38	0.08200001	0	0
0	0.9911978	-3.5768608e-08	6.521066e-38	0.081	0	0
0	0.9911255	-4.1240128e-08	6.378948e-38	0.07999999	0	0
0	0.9910523	-3.9319275e-08	6.0642817e-38	0.079	0	0
0	0.99097866	-4.0708983e-08	6.402062e-38	0.078	0	0
0	0.9909043	-4.3641194e-08	6.442018e-38	0.077	0	0
0	0.99082917	-4.7526555e-08	6.4208034e-38	0.076	0	0
0	0.9907535	-5.101174e-08	6.3723084e-38	0.074999996	0	0
0	0.990677	-5.4147677e-08	6.4640794e-38	0.074	0	0
0	0.9905999	-5.6330464e-08	6.451245e-38	0.07300001	0	0
0	0.9905219	-5.98593e-08	6.577518e-38	0.072	0	0
0	0.99044335	-6.771006e-08	6.523359e-38	0.071	0	0
0	0.99036413	-7.246854e-08	6.8161007e-38	0.07	0	0
0	0.99028414	-7.467315e-08	6.621025e-38	0.069	0	0
0	0.9902034	-8.2698534e-08	6.955511e-38	0.06800001	0	0
0	0.99012184	-9.06075e-08	6.899217e-38	0.067	0	0
0	0.9900396	-1.00677426e-07	7.011983e-38	0.06599999	0	0
0	0.9899567	-1.1159864e-07	7.0172554e-38	0.065	0	0
0	0.98987293	-1.2335659e-07	7.1835e-38	0.064	0	0
0	0.9897884	-1.3779209e-07	7.30106e-38	0.063	0	0
0	0.9897032	-1.5572004e-07	7.33192e-38	0.062000003	0	0
0	0.98961717	-1.6877311e-07	7.268686e-38	0.060999997	0	0
0	0.9895303	-1.9282743e-07	7.2752115e-38	0.06	0	0
0	0.98944265	-2.1824235e-07	7.262708e-38	0.059000008	0	0
0	0.98935425	-2.4886685e-07	7.190787e-38	0.058	0	0
0	0.9892651	-2.8491195e-07	7.21556e-38	0.057000004	0	0
0	0.989175	-3.3255492e-07	7.3272877e-38	0.055999998	0	0
0	0.9890841	-3.900641e-07	7.395016e-38	0.055000003	0	0
0	0.98899245	-4.4995977e-07	7.414292e-38	0.053999998	0	0
0	0.98889995	-5.3513213e-07	7.4610483e-38	0.053	0	0
0	0.98880655	-6.4283086e-07	7.346943e-38	0.051999994	0	0
0	0.9887123	-7.794879e-07	7.3931974e-38	0.051	0	0
0	0.98861724	-9.4951247e-07	7.3926173e-38	0.050000004	0	0
0	0.98852134	-1.1805678e-06	7.5039987e-38	0.049	0	0
0	0.98842454	-1.4438119e-06	7.612435e-38	0.048000004	0	0
0	0.98832685	-1.7978309e-06	7.872032e-38	0.046999995	0	0
0	0.9882282	-2.242712e-06	7.712482e-38	0.046	0	0
0	0.9881287	-2.825007e-06	7.7761415e-38	0.045	0	0
0	0.9880283	-3.6153215e-06	7.725446e-38	0.044	0	0
0	0.98792684	-4.646354e-06	7.8735855e-38	0.043000005	0	0
0	0.9803689	-0.046215776	1.7207831e-37	0.042	0	0
0	0.97997934	-0.047055263	1.7115556e-37	0.041000005	0	0
0	0.9795855	-0.04788769	1.6947283e-37	0.039999995	0	0
0	0.9791886	-0.048710506	1.7186428e-37	0.039	0	0
0	0.9787879	-0.049526192	1.7495976e-37	0.038	0	0
0	0.9783838	-0.05033338	1.7571276e-37	0.037	0	0
0	0.9779757	-0.05113476	1.769046e-37	0.036	0	0
0	0.97756386	-0.05192952	1.7704588e-37	0.035	0	0
0	0.97714806	-0.052718394	1.7805284e-37	0.034000006	0	0
0	0.97672796	-0.05350277	1.8010487e-37	0.032999996	0	0
0	0.9763037	-0.054282732	1.8013272e-37	0.032	0	0
0	0.9758751	-0.055058375	1.7997311e-37	0.031000001	0	0
0	0.97544223	-0.055830013	1.8242974e-37	0.03	0	0
0	0.97500455	-0.05659886	1.842528e-37	0.029	0	0
0	0.9745621	-0.057364933	1.8517298e-37	0.027999999	0	0
0	0.974115	-0.058128297	1.8775178e-37	0.026999999	0	0
0	0.973662	-0.058891453	1.7361703e-37	0.025999997	0	0
0	0.9732056	-0.059649527	1.9061684e-37	0.025000002	0	0
0	0.9727431	-0.060407832	1.9156364e-37	0.024000002	0	0
0	0.97227514	-0.061165426	1.9308837e-37	0.023	0	0
0	0.97180176	-0.0619218	1.927155e-37	0.022	0	0
0	0.97132266	-0.0626784	1.93388e-37	0.021	0	0
0	0.9708376	-0.06343436	1.924469e-37	0.019999998	0	0
0	0.97034675	-0.06419055	1.9011114e-37	0.019	0	0
0	0.96984977	-0.06494724	1.915545e-37	0.018	0	0
0	0.9693462	-0.06570488	1.932741e-37	0.017000003	0	0
0	0.9688363	-0.066463485	1.9278134e-37	0.016	0	0
0	0.96831995	-0.06722301	1.9450276e-37	0.015	0	0
0	0.9677967	-0.06798409	1.9324928e-37	0.0139999995	0	0
0	0.9672663	-0.06874715	1.9567238e-37	0.012999998	0	0
0	0.9667288	-0.06951208	1.967929e-37	0.012000001	0	0
0	0.96618384	-0.07027956	1.9747833e-37	0.011	0	0
0	0.96563125	-0.07104958	2.0289176e-37	0.009999999	0	0
0	0.9650711	-0.071821675	2.00791e-37	0.009	0	0
0	0.9645028	-0.07259726	2.0518944e-37	0.008	0	0
0	0.9639262	-0.07337631	2.065516e-37	0.0069999998	0	0
0	0.96334136	-0.07415834	2.062136e-37	0.0060000005	0	0
0	0.96274734	-0.0749448	2.080949e-37	0.0049999994	0	0
0	0.96214485	-0.07573469	2.0691959e-37	0.004	0	0
0	0.961533	-0.076529086	2.063228e-37	0.0030000003	0	0
0	0.96091163	-0.07732807	2.0688663e-37	0.002	0	0
0	0.9602804	-0.07813188	2.070312e-37	0.001	0	0
0	0.9596392	-0.07894141	2.071685e-37	-7.632783e-17	0	0
0	0.95898795	-0.07975456	2.0948825e-37	-0.001	0	0
0	0.9583261	-0.08057386	2.1093439e-37	-0.002	0	0
0	0.95765305	-0.08139938	2.1107183e-37	-0.0030000003	0	0
0	0.95696825	-0.08223265	2.1013352e-37	-0.004	0	0
0	0.95627296	-0.08306872	2.1075637e-37	-0.0049999994	0	0
0	0.9555652	-0.08391326	2.1192337e-37	-0.0060000005	0	0
0	0.954845	-0.08476475	2.1045416e-37	-0.0069999998	0	0
0	0.9541123	-0.08562335	2.1188054e-37	-0.008	0	0
0	0.9533663	-0.0864896	2.1336475e-37	-0.009	0	0
0	0.95260674	-0.087363906	2.134649e-37	-0.009999999	0	0
0	0.9518335	-0.08824623	2.1523877e-37	-0.011	0	0
0	0.9510456	-0.08913717	2.1665684e-37	-0.012000001	0	0
0	0.9502427	-0.090037026	2.1736751e-37	-0.012999998	0	0
0	0.9494246	-0.09094602	2.196023e-37	-0.0139999995	0	0
0	0.9485905	-0.0918648	2.198618e-37	-0.015	0	0
0	0.94773996	-0.0927934	2.2185855e-37	-0.016	0	0
0	0.9468722	-0.09373295	2.2144206e-37	-0.017000003	0	0
0	0.9459872	-0.094682366	2.284171e-37	-0.018	0	0
0	0.94508374	-0.09564361	2.2680112e-37	-0.019	0	0
0	0.9441613	-0.09661651	2.2920046e-37	-0.019999998	0	0
0	0.94321954	-0.09760128	2.2898163e-37	-0.021	0	0
0	0.9422572	-0.09859886	2.3394373e-37	-0.022	0	0
0	0.94127357	-0.099609986	2.34438e-37	-0.023	0	0
0	0.9402682	-0.100634366	2.3594774e-37	-0.024000002	0	0
0	0.93924	-0.10167334	2.3233309e-37	-0.025000002	0	0
0	0.9381886	-0.10272661	2.359e-37	-0.025999997	0	0
0	0.9371121	-0.103795476	2.3952352e-37	-0.026999999	0	0
0	0.9360101	-0.10488066	2.4007884e-37	-0.027999999	0	0
0	0.9348816	-0.105982535	2.424531e-37	-0.029	0	0
0	0.93372524	-0.107101955	2.4293468e-37	-0.03	0	0
0	0.93253976	-0.108239785	2.4352677e-37	-0.031000001	0	0
0	0.9313242	-0.10939629	2.4676487e-37	-0.032	0	0
0	0.93007696	-0.11057305	2.480596e-37	-0.032999996	0	0
0	0.92879665	-0.111770496	2.4825599e-37	-0.034000006	0	0
0	0.9274819	-0.11298966	2.4759137e-37	-0.035	0	0
0	0.9261311	-0.11423144	2.5409303e-37	-0.036	0	0
0	0.9247423	-0.11549722	2.5063066e-37	-0.037	0	0
0	0.9233136	-0.11678835	2.5097094e-37	-0.038	0	0
0	0.9218432	-0.11810562	2.497605e-37	-0.039	0	0
0	0.92032874	-0.119450614	2.5410915e-37	-0.039999995	0	0
0	0.9187682	-0.12082444	2.5104009e-37	-0.041000005	0	0
0	0.91715807	-0.12222934	2.5610747e-37	-0.042	0	0
0	0.91549826	-0.123665676	2.5014644e-37	-0.043000005	0	0
0	0.91378355	-0.12513615	2.5114784e-37	-0.044	0	0
0	0.9120109	-0.12664324	2.5245995e-37	-0.045	0	0
0	0.9101777	-0.12818801	2.561873e-37	-0.046	0	0
0	0.9082797	-0.12977318	2.5260001e-37	-0.046999995	0	0
0	0.9063132	-0.13140133	2.5044764e-37	-0.048000004	0	0
0	0.90427333	-0.1330753	2.526094e-37	-0.049	0	0
0	0.9021554	-0.13479774	2.525958e-37	-0.050000004	0	0
0	0.89995426	-0.13657188	2.5794113e-37	-0.051	0	0
0	0.8976638	-0.13840124	2.5858432e-37	-0.051999994	0	0
0	0.89527667	-0.14029115	2.5964915e-37	-0.053	0	0
0	0.8927865	-0.14224455	2.5922338e-37	-0.053999998	0	0
0	0.8901842	-0.14426766	2.5818222e-37	-0.055000003	0	0
0	0.88746125	-0.14636508	2.5883288e-37	-0.055999998	0	0
0	0.8846068	-0.1485435	2.607174e-37	-0.057000004	0	0
0	0.8816088	-0.15081058	2.6233814e-37	-0.058	0	0
0	0.8784534	-0.15317461	2.6480604e-37	-0.059000008	0	0
0	0.8751254	-0.15564442	2.6522096e-37	-0.06	0	0
0	0.87160623	-0.15823169	2.6436565e-37	-0.060999997	0	0
0	0.86787415	-0.16094932	2.6508498e-37	-0.062000003	0	0
0	0.86390513	-0.1638116	2.6649502e-37	-0.063	0	0
0	0.8596682	-0.16683738	2.6681857e-37	-0.064	0	0
0	0.8551272	-0.17004809	2.6812976e-37	-0.065	0	0
0	0.8502374	-0.17347072	2.6725867e-37	-0.06599999	0	0
0	0.8449429	-0.17713827	2.6727972e-37	-0.067	0	0
0	0.83917403	-0.18109193	2.6903572e-37	-0.06800001	0	0
0	0.83283746	-0.18538678	2.6710964e-37	-0.069	0	0
0	0.8258064	-0.19009809	2.6897108e-37	-0.07	0	0
0	0.81790924	-0.1953246	2.694826e-37	-0.071	0	0
0	0.8088949	-0.20120978	2.7079476e-37	-0.072	0	0
0	0.79835296	-0.2079895	2.6972545e-37	-0.07300001	0	0
0	0.78557724	-0.21605879	-2.6929638e-37	-0.074	0	0
0	0.76906276	-0.22624105	-2.7350362e-37	-0.074999996	0	0
0	0.74374676	-0.24116859	-2.743452e-37	-0.076	0	0
0	-0.9909042	-2.965203e-05	-6.5106714e-38	-0.077	0	0
0	-0.9909786	-2.428572e-05	-6.3386357e-38	-0.078	0	0
0	-0.9910524	-2.033016e-05	-6.4013685e-38	-0.079	0	0
0	-0.9911254	-1.681174e-05	-6.373341e-38	-0.07999999	0	0
0	-0.9911978	-1.3511002e-05	-6.402845e-38	-0.081	0	0
0	-0.99126947	-1.1614131e-05	-6.352247e-38	-0.08200001	0	0
0	-0.9913406	-9.817144e-06	-6.4291063e-38	-0.083	0	0
0	-0.991411	-8.337709e-06	-6.4773744e-38	-0.084	0	0
0	-0.9914808	-6.9161542e-06	-6.409304e-38	-0.08499999	0	0
0	-0.99155	-5.7577927e-06	-6.491137e-38	-0.08600001	0	0
0	-0.9916186	-4.785892e-06	-6.4518606e-38	-0.087000005	0	0
0	-0.99168646	-3.928093e-06	-6.450232e-38	-0.088	0	0
0	-0.9917538	-3.1777017e-06	-6.453005e-38	-0.088999994	0	0
0	-0.9918204	-2.6080597e-06	-6.4086244e-38	-0.09	0	0
0	-0.99188656	-2.1128653e-06	-6.4230746e-38	-0.091000006	0	0
0	-0.99195194	-1.7032726e-06	-6.256534e-38	-0.092	0	0
0	-0.9920168	-1.3548924e-06	-6.272246e-38	-0.093	0	0
0	-0.99208117	-1.0642179e-06	-6.3702277e-38	-0.09399999	0	0
0	-0.9921448	-8.187708e-07	-6.472961e-38	-0.095	0	0
0	-0.99220794	-6.162081e-07	-6.470344e-38	-0.09600001	0	0
0	-0.99227047	-4.7075446e-07	-6.495439e-38	-0.097	0	0
0	-0.99233246	-3.4167897e-07	-6.425775e-38	-0.098	0	0
0	-0.9923939	-2.5343616e-07	-6.368377e-38	-0.09899999	0	0
0	-0.99245477	-1.7926504e-07	-6.3491656e-38	-0.10000001	0	0
0	-0.992394	-1.2490636e-07	-6.40633e-38	-0.09899999	0	0
0	-0.99233264	-9.1371476e-08	-6.387337e-38	-0.098	0	0
0	-0.99227065	-6.498885e-08	-6.470235e-38	-0.097	0	0
0	-0.9922081	-4.1618478e-08	-6.488007e-38	-0.09600001	0	0
0	-0.99214494	-2.6375346e-08	-6.37086e-38	-0.095	0	0
0	-0.9920812	-1.6312697e-08	-6.5712967e-38	-0.09399999	0	0
0	-0.992017	-9.749783e-09	-6.392234e-38	-0.093	0	0
0	-0.9919521	-2.0881998e-09	-6.3740426e-38	-0.092	0	0
0	-0.99188656	4.2200554e-09	-6.2900095e-38	-0.091000006	0	0
0	-0.9918206	9.8734745e-09	-6.451684e-38	-0.09	0	0
0	-0.9917539	1.4893885e-08	-6.450123e-38	-0.088999994	0	0
0	-0.9916865	1.5075784e-08	-6.4987677e-38	-0.088	0	0
0	-0.99161863	1.7040293e-08	-6.471225e-38	-0.087000005	0	0
0	-0.99155015	2.2890163e-08	-6.3982133e-38	-0.08600001	0	0
0	-0.99148095	2.3886969e-08	-6.4873314e-38	-0.08499999	0	0
0	-0.9914111	2.3574103e-08	-6.501649e-38	-0.084	0	0
0	-0.9913407	2.7757778e-08	-6.4629813e-38	-0.083	0	0
0	-0.9912697	2.9533112e-08	-6.475881e-38	-0.08200001	0	0
0	-0.9911978	3.1075615e-08	-6.4309516e-38	-0.081	0	0
0	-0.9911255	3.4589902e-08	-6.500109e-38	-0.07999999	0	0
0	-0.9910524	3.412424e-08	-6.354817e-38	-0.079	0	0
0	-0.9909787	3.585592e-08	-6.457256e-38	-0.078	0	0
0	-0.9909043	4.1152816e-08	-6.251787e-38	-0.077	0	0
0	-0.99082917	4.3677574e-08	-6.3763923e-38	-0.076	0	0
0	-0.9907534	4.6966306e-08	-6.304362e-38	-0.074999996	0	0
0	-0.99067706	5.2386895e-08	-6.508657e-38	-0.074	0	0
0	-0.9905999	5.4606062e-08	-6.456309e-38	-0.07300001	0	0
0	-0.9905219	5.6126737e-08	-6.3916154e-38	-0.072	0	0
0	-0.99044335	6.6480425e-08	-6.5405286e-38	-0.071	0	0
0	-0.9903641	6.935443e-08	-6.389747e-38	-0.07	0	0
0	-0.9902841	7.299968e-08	-6.683911e-38	-0.069	0	0
0	-0.9902034	8.127245e-08	-6.8037295e-38	-0.06800001	0	0
0	-0.99012184	9.051291e-08	-6.9119064e-38	-0.067	0	0
0	-0.9900397	9.8916644e-08	-6.928913e-38	-0.06599999	0	0
0	-0.9899567	1.08469976e-07	-7.145442e-38	-0.065	0	0
0	-0.98987293	1.204462e-07	-7.180551e-38	-0.064	0	0
0	-0.9897885	1.329172e-07	-7.1439664e-38	-0.063	0	0
0	-0.98970324	1.5061232e-07	-7.236697e-38	-0.062000003	0	0
0	-0.98961717	1.6681588e-07	-7.2277467e-38	-0.060999997	0	0
0	-0.9895303	1.899025e-07	-7.2630774e-38	-0.06	0	0
0	-0.9894427	2.1926826e-07	-7.1834236e-38	-0.059000008	0	0
0	-0.98935425	2.5091867e-07	-7.246344e-38	-0.058	0	0
0	-0.9892651	2.8530485e-07	-7.222131e-38	-0.057000004	0	0
0	-0.989175	3.3596007e-07	-7.3101604e-38	-0.055999998	0	0
0	-0.98908406	3.9479346e-07	-7.4415305e-38	-0.055000003	0	0
0	-0.98899245	4.5920024e-07	-7.3319153e-38	-0.053999998	0	0
0	-0.9888999	5.365e-07	-7.2716875e-38	-0.053	0	0
0	-0.98880655	6.2934123e-07	-7.3651165e-38	-0.051999994	0	0
0	-0.9887123	7.628987e-07	-7.4058747e-38	-0.051	0	0
0	-0.9886173	9.1867696e-07	-7.4420815e-38	-0.050000004	0	0
0	-0.9885214	1.1249213e-06	-7.58878e-38	-0.049	0	0
0	-0.98842454	1.4135148e-06	-7.4959614e-38	-0.048000004	0	0
0	-0.9883268	1.744047e-06	-7.615418e-38	-0.046999995	0	0
0	-0.9882282	2.1860615e-06	-7.70069e-38	-0.046	0	0
0	-0.9881287	2.7631468e-06	-7.7264273e-38	-0.045	0	0
0	-0.9880283	3.4948898e-06	-7.911654e-38	-0.044	0	0
0	-0.98792696	4.5681663e-06	-7.976501e-38	-0.043000005	0	0
0	-0.9878247	6.146758e-06	-7.9265535e-38	-0.042	0	0
0	-0.97997886	0.04705662	-1.3652135e-37	-0.041000005	0	0
0	-0.97958565	0.047887545	-1.3197507e-37	-0.039999995	0	0
0	-0.97918856	0.04871071	-1.3021675e-37	-0.039	0	0
0	-0.978788	0.049525864	-1.3229297e-37	-0.038	0	0
0	-0.9783838	0.050333433	-1.3284691e-37	-0.037	0	0
0	-0.9779758	0.051134516	-1.3683468e-37	-0.036	0	0
0	-0.977564	0.0519292	-1.3835633e-37	-0.035	0	0
0	-0.97714806	0.052718624	-1.4534343e-37	-0.034000006	0	0
0	-0.97672796	0.05350278	-1.5221447e-37	-0.032999996	0	0
0	-0.9763038	0.054282457	-1.5481846e-37	-0.032	0	0
0	-0.9758752	0.055057928	-1.5674985e-37	-0.031000001	0	0
0	-0.9754421	0.055830166	-1.5795969e-37	-0.03	0	0
0	-0.97500443	0.056599073	-1.6115459e-37	-0.029	0	0
0	-0.9745623	0.05736459	-1.6359591e-37	-0.027999999	0	0
0	-0.9741149	0.05812841	-1.6636803e-37	-0.026999999	0	0
0	-0.97366273	0.05889007	-1.6921892e-37	-0.025999997	0	0
0	-0.97320557	0.059649613	-1.6804277e-37	-0.025000002	0	0
0	-0.97274303	0.060407966	-1.7263449e-37	-0.024000002	0	0
0	-0.97227514	0.06116541	-1.7348503e-37	-0.023	0	0
0	-0.97180176	0.061921977	-1.7269411e-37	-0.022	0	0
0	-0.97132254	0.0626785	-1.682775e-37	-0.021	0	0
0	-0.9708376	0.063434415	-1.6941615e-37	-0.019999998	0	0
0	-0.9703467	0.06419074	-1.7209647e-37	-0.019	0	0
0	-0.9698497	0.06494741	-1.7536225e-37	-0.018	0	0
0	-0.9693462	0.06570498	-1.7393566e-37	-0.017000003	0	0
0	-0.9688364	0.066463426	-1.7262234e-37	-0.016	0	0
0	-0.96831995	0.067223005	-1.7780592e-37	-0.015	0	0
0	-0.9677967	0.067984134	-1.77496e-37	-0.0139999995	0	0
0	-0.9672664	0.06874713	-1.8116633e-37	-0.012999998	0	0
0	-0.96672887	0.069512054	-1.8193624e-37	-0.012000001	0	0
0	-0.9661839	0.070279405	-1.8754606e-37	-0.011	0	0
0	-0.9656313	0.07104927	-1.8762775e-37	-0.009999999	0	0
0	-0.9650712	0.07182161	-1.9392262e-37	-0.009	0	0
0	-0.96450275	0.07259743	-1.9541446e-37	-0.008	0	0
0	-0.9639262	0.07337611	-1.9526872e-37	-0.0069999998	0	0
0	-0.9633411	0.0741586	-2.000687e-37	-0.0060000005	0	0
0	-0.96274745	0.07494472	-1.9974976e-37	-0.0049999994	0	0
0	-0.96214473	0.07573484	-1.9703185e-37	-0.004	0	0
0	-0.96153295	0.07652922	-1.9996978e-37	-0.0030000003	0	0
0	-0.96091145	0.077328175	-1.9608659e-37	-0.002	0	0
0	-0.9602804	0.078131914	-1.9584222e-37	-0.001	0	0
0	-0.9596394	0.07894042	-2.0092808e-37	7.632783e-17	0	0
0	-0.9589879	0.079754636	-1.980597e-37	0.001	0	0
0	-0.9583259	0.08057406	-1.9971499e-37	0.002	0	0
0	-0.957653	0.081399485	-1.9528074e-37	0.0030000003	0	0
0	-0.95696884	0.08223079	-2.0155907e-37	0.004	0	0
0	-0.95627296	0.08306883	-1.9441886e-37	0.0049999994	0	0
0	-0.9555653	0.08391307	-1.999472e-37	0.0060000005	0	0
0	-0.9548451	0.08476473	-1.9827609e-37	0.0069999998	0	0
0	-0.9541121	0.08562355	-2.0305218e-37	0.008	0	0
0	-0.9533662	0.086489744	-1.9912458e-37	0.009	0	0
0	-0.952607	0.08736372	-1.9971557e-37	0.009999999	0	0
0	-0.9518335	0.088246286	-2.010406e-37	0.011	0	0
0	-0.9510456	0.08913709	-2.0385612e-37	0.012000001	0	0
0	-0.9502427	0.09003704	-2.064229e-37	0.012999998	0	0
0	-0.94942445	0.09094607	-2.177573e-37	0.0139999995	0	0
0	-0.94859016	0.091864996	-2.0370095e-37	0.015	0	0
0	-0.9477399	0.092793554	-2.175425e-37	0.016	0	0
0	-0.9468718	0.09373335	-2.1264603e-37	0.017000003	0	0
0	-0.94598734	0.094682276	-2.1974967e-37	0.018	0	0
0	-0.9450837	0.095643714	-2.1863864e-37	0.019	0	0
0	-0.9441615	0.09661627	-2.278812e-37	0.019999998	0	0
0	-0.9432193	0.097601525	-2.2408803e-37	0.021	0	0
0	-0.9422573	0.0985987	-2.2418522e-37	0.022	0	0
0	-0.94127375	0.09960976	-2.3029096e-37	0.023	0	0
0	-0.9402682	0.10063445	-2.3218682e-37	0.024000002	0	0
0	-0.9392401	0.1016732	-2.2973528e-37	0.025000002	0	0
0	-0.9381885	0.10272657	-2.3602864e-37	0.025999997	0	0
0	-0.9371122	0.10379555	-2.3102125e-37	0.026999999	0	0
0	-0.9360094	0.10488199	-2.2918192e-37	0.027999999	0	0
0	-0.9348815	0.10598271	-2.3259066e-37	0.029	0	0
0	-0.93372524	0.10710196	-2.3310622e-37	0.03	0	0
0	-0.9325398	0.108239524	-2.3120496e-37	0.031000001	0	0
0	-0.931324	0.10939646	-2.285032e-37	0.032	0	0
0	-0.930077	0.11057292	-2.3167192e-37	0.032999996	0	0
0	-0.92879665	0.111770526	-2.3264395e-37	0.034000006	0	0
0	-0.92748207	0.11298954	-2.2737278e-37	0.035	0	0
0	-0.92612946	0.1142332	-2.0119626e-37	0.036	0	0
0	-0.92474216	0.115497544	-2.3161417e-37	0.037	0	0
0	-0.92331356	0.11678841	-2.315783e-37	0.038	0	0
0	-0.9218426	0.11810596	-2.327086e-37	0.039	0	0
0	-0.9203288	0.11945048	-2.3271218e-37	0.039999995	0	0
0	-0.91876805	0.12082462	-2.3407534e-37	0.041000005	0	0
0	-0.91715896	0.122228906	-2.3421585e-37	0.042	0	0
0	-0.9154983	0.123665646	-2.3134184e-37	0.043000005	0	0
0	-0.9137834	0.12513636	-2.389961e-37	0.044	0	0
0	-0.91201115	0.1266429	-2.3430282e-37	0.045	0	0
0	-0.91017604	0.1281893	-2.3055068e-37	0.046	0	0
0	-0.9082797	0.1297733	-2.3621823e-37	0.046999995	0	0
0	-0.9063128	0.13140187	-2.363344e-37	0.048000004	0	0
0	-0.9042729	0.13307561	-2.372877e-37	0.049	0	0
0	-0.9021555	0.13479748	-2.3921658e-37	0.050000004	0	0
0	-0.8999541	0.13657208	-2.3833854e-37	0.051	0	0
0	-0.8976636	0.13840151	-2.400532e-37	0.051999994	0	0
0	-0.8952767	0.14029111	-2.389065e-37	0.053	0	0
0	-0.89278656	0.14224453	-2.398486e-37	0.053999998	0	0
0	-0.8901841	0.14426777	-2.3970768e-37	0.055000003	0	0
0	-0.8874615	0.14636481	-2.4221552e-37	0.055999998	0	0
0	-0.88460714	0.14854313	-2.3931456e-37	0.057000004	0	0
0	-0.881609	0.1508102	-2.4026455e-37	0.058	0	0
0	-0.8784536	0.15317436	-2.396915e-37	0.059000008	0	0
0	-0.87512535	0.15564454	-2.3986768e-37	0.06	0	0
0	-0.871606	0.1582318	-2.4072866e-37	0.060999997	0	0
0	-0.86787444	0.16094905	-2.3777867e-37	0.062000003	0	0
0	-0.863905	0.16381173	-2.3563013e-37	0.063	0	0
0	-0.85966784	0.16683781	-2.3281381e-37	0.064	0	0
0	-0.85512745	0.17004786	-2.3449178e-37	0.065	0	0
0	-0.85023713	0.17347096	-2.3461073e-37	0.06599999	0	0
0	-0.8449436	0.17713775	-2.327744e-37	0.067	0	0
0	-0.8391735	0.18109247	-2.3065633e-37	0.06800001	0	0
0	-0.8328365	0.18538766	-2.298466e-37	0.069	0	0
0	-0.82580864	0.19009593	-2.23978e-37	0.07	0	0
0	-0.8179119	0.19532211	-2.2523236e-37	0.071	0	0
0	-0.808894	0.20121053	-2.2820737e-37	0.072	0	0
0	-0.7983514	0.20799094	-2.2954031e-37	0.07300001	0	0
0	-0.78557444	0.21606104	-2.2858842e-37	0.074	0	0
0	-0.7690602	0.22624293	2.7413824e-37	0.074999996	0	0
0	-0.7437358	0.24117598	2.7568375e-37	0.076	0	0
0	0.9909043	3.0111049e-05	-7.160142e-38	0.077	0	0
0	0.9909786	2.1767562e-05	-5.171092e-38	0.078	0	0
0	0.99105227	1.8923216e-05	-5.206727e-38	0.079	0	0
0	0.9911254	1.5550293e-05	-4.919717e-38	0.07999999	0	0
0	0.99119776	1.2945966e-05	-5.1895665e-38	0.081	0	0
0	0.9912695	1.1189164e-05	-5.238534e-38	0.08200001	0	0
0	0.99134064	9.643307e-06	-4.9197134e-38	0.083	0	0
0	0.991411	8.159906e-06	-5.061945e-38	0.084	0	0
0	0.9914808	6.8265217e-06	-5.094313e-38	0.08499999	0	0
0	0.99154997	5.7195793e-06	-5.2037695e-38	0.08600001	0	0
0	0.9916186	4.8002403e-06	-4.984791e-38	0.087000005	0	0
0	0.99168646	3.949892e-06	-5.1220934e-38	0.088	0	0
0	0.9917537	3.244335e-06	-5.17375e-38	0.088999994	0	0
0	0.9918204	2.5533882e-06	-5.192053e-38	0.09	0	0
0	0.99188656	2.0495645e-06	-5.0391937e-38	0.091000006	0	0
0	0.99195194	1.6365666e-06	-4.9453605e-38	0.092	0	0
0	0.9920168	1.2954915e-06	-4.994183e-38	0.093	0	0
0	0.99208117	9.978903e-07	-5.2483683e-38	0.09399999	0	0
0	0.9921449	7.507333e-07	-5.0714337e-38	0.095	0	0
0	0.992208	5.583279e-07	-5.1129777e-38	0.09600001	0	0
0	0.99227047	4.1280146e-07	-5.07037e-38	0.097	0	0
0	0.99233246	3.1275704e-07	-5.3409527e-38	0.098	0	0
0	0.9923939	2.2224413e-07	-5.009607e-38	0.09899999	0	0
